 <pre>

 Contingency table for Low clouds (octas)
 Selection: ALL    217 stations
Period: 20210219-20210303
Used {00,06,12,18} + 01 02 ... 09
 Limits    1.00000000       2.00000000       3.00000000       4.00000000       5.00000000       6.00000000       7.00000000    
 Each class is data <= limit, the very last > last limit
 Total number of values       58840
                                              OBSERVATION
                                  25960      552      513      415      425      415      705     2099 |     31084
                                    640       70       68       76       75       72      165      495 |      1661
                                    413       69       68       49       76       42      124      385 |      1226
                     mnwc_cy40      301       56       55       50       51       52      119      349 |      1033
                                    252       61       62       50       60       44      110      371 |      1010
                                    235       56       54       44       66       51      128      407 |      1041
                                    339       93       92       69      114       78      199      670 |      1654
                                   1527      568      988      555     1227      698     2123    12445 |     20131

                    SUM           29667     1525     1900     1308     2094     1452     3673    17221 |     58840
                                              OBSERVATION
                                  23846      450      421      376      331      328      513     1257 |     27522
                                    641       65       80       65       72       59      123      282 |      1387
                                    366       66       55       61       54       69       88      303 |      1062
                     mnwc_cy43      284       54       49       33       47       43       90      239 |       839
                                    249       63       39       39       46       44      102      221 |       803
                                    244       35       39       46       56       51      118      298 |       887
                                    365       68      102       65      115       85      181      572 |      1553
                                   3672      724     1115      623     1373      773     2458    14049 |     24787

                    SUM           29667     1525     1900     1308     2094     1452     3673    17221 |     58840
                                              OBSERVATION
                                  23640      451      414      375      336      349      518     1331 |     27414
                                    554       57       85       68       77       50      126      310 |      1327
                                    326       75       48       51       60       57      122      280 |      1019
                   meps2_preop      262       55       39       34       46       33       95      237 |       801
                                    249       47       43       38       49       35       84      227 |       772
                                    227       49       50       46       57       53      109      276 |       867
                                    360       65       97       67      109       80      169      520 |      1467
                                   4049      726     1124      629     1360      795     2450    14040 |     25173

                    SUM           29667     1525     1900     1308     2094     1452     3673    17221 |     58840

