 <pre>

 Contingency table for Cloud cover (octas)
 Selection: ALL    599 stations
Period: 20210219-20210303
Used {00,06,12,18} + 01 02 ... 09
 Limits   0.500000000       1.50000000       2.50000000       3.50000000       4.50000000       5.50000000       6.50000000       7.50000000    
 Each class is data <= limit, the very last > last limit
 Total number of values      170328
                                                       OBSERVATION
                                  28006     2725     1588     1205      764      924      857     1842     2651 |     40562
                                   3618      611      429      386      268      350      366      919     1607 |      8554
                                   1798      349      236      253      143      215      233      636     1155 |      5018
                                   1269      240      191      193      138      184      187      538      995 |      3935
                     mnwc_cy40     1110      193      152      143      150      171      215      547     1059 |      3740
                                    994      186      144      152      151      189      226      569     1104 |      3715
                                   1197      223      193      187      167      247      309      754     1500 |      4777
                                   1869      396      277      308      274      403      482     1306     2822 |      8137
                                   8675     2031     1306     1621     1350     2280     3044    13945    57638 |     91890

                    SUM           48536     6954     4516     4448     3405     4963     5919    21056    70531 |    170328
                                                       OBSERVATION
                                  25616     2282     1284      946      649      728      648     1388     1958 |     35499
                                   3142      561      379      332      222      303      315      726     1135 |      7115
                                   1703      308      234      204      134      196      219      478      844 |      4320
                                   1283      226      182      178      141      178      205      448      809 |      3650
                     mnwc_cy43     1079      219      161      186      126      163      191      476      844 |      3445
                                   1006      223      179      152      149      190      211      568      991 |      3669
                                   1267      258      178      190      166      228      282      698     1331 |      4598
                                   1766      437      293      343      289      421      484     1267     2495 |      7795
                                  11674     2440     1626     1917     1529     2556     3364    15007    60124 |    100237

                    SUM           48536     6954     4516     4448     3405     4963     5919    21056    70531 |    170328
                                                       OBSERVATION
                                  25832     2280     1319      959      657      750      680     1455     2290 |     36222
                                   3004      520      394      321      206      291      276      710     1112 |      6834
                                   1630      313      217      200      145      186      215      528      920 |      4354
                                   1253      255      162      195      136      195      198      460      863 |      3717
                   meps2_preop     1136      213      168      143      110      162      197      437      846 |      3412
                                   1053      225      168      165      142      188      230      542     1005 |      3718
                                   1253      250      192      206      180      229      269      707     1321 |      4607
                                   1814      433      303      359      291      404      480     1217     2529 |      7830
                                  11561     2465     1593     1900     1538     2558     3374    15000    59645 |     99634

                    SUM           48536     6954     4516     4448     3405     4963     5919    21056    70531 |    170328

