 <pre>

 Contingency table for Cloud base (m)
 Selection: ALL    222 stations
Period: 20210219-20210303
Used {00,06,12,18} + 01 02 ... 09
 Limits    70.0000000       150.000000       300.000000       600.000000       1000.00000       1500.00000       2500.00000       5000.00000    
 Each class is data <= limit, the very last > last limit
 Total number of values       58937
                                                       OBSERVATION
                                    986     1522      424      125       42       37       51       59      531 |      3777
                                    219      780      501      112       30       14       25       20       40 |      1741
                                    208     1000     1389      514      121       36       33       42       46 |      3389
                                    157      725     1706     1858      625      219      121      123      118 |      5652
                     mnwc_cy40       67      347      524      741      945      488      238      138      155 |      3643
                                     52      197      237      324      516      561      422      209      207 |      2725
                                     74      222      278      271      369      469      769      608      361 |      3421
                                    129      237      249      257      245      250      545     1523      745 |      4180
                                    404      767      850     1147     1086     1020     1272     2759    21104 |     30409

                    SUM            2296     5797     6158     5349     3979     3094     3476     5481    23307 |     58937
                                                       OBSERVATION
                                   1589     2335      745      159       78       86      226      431     1802 |      7451
                                    216      989      988      197       55       66       82      103      190 |      2886
                                    112     1012     1938     1038      180       92      100      115      158 |      4745
                                     83      576     1317     2162      870      277      148      154      495 |      6082
                     mnwc_cy43       15      171      310      468      955      470      134       89      290 |      2902
                                     27      115      114      211      397      571      326      105      158 |      2024
                                     21       89       96      167      312      386      691      302      179 |      2243
                                     39       94      123      158      218      198      441     1167      286 |      2724
                                    194      416      527      789      914      948     1328     3015    19749 |     27880

                    SUM            2296     5797     6158     5349     3979     3094     3476     5481    23307 |     58937
                                                       OBSERVATION
                                   1719     2612      944      207      110      147      354      619     1999 |      8711
                                    155      947      976      233       64       77      107      134      224 |      2917
                                     98      878     1843     1092      186       94      117      117      157 |      4582
                                     66      549     1274     2118      871      281      145      171      496 |      5971
                   meps2_preop        9      146      251      424      922      442      130       83      272 |      2679
                                     25       92       91      164      347      486      262       76      148 |      1691
                                     22       71       85      147      284      396      548      213      139 |      1905
                                     26       71      111      145      243      177      356      864      236 |      2229
                                    176      431      583      819      952      994     1457     3204    19636 |     28252

                    SUM            2296     5797     6158     5349     3979     3094     3476     5481    23307 |     58937

